 ------------------------- VALORES INICIALES ----------------------------------------------------------------------------------------------------------
             R0,R1,R2,R3,R4,R5,R6,R7,R8,R9,R10,R11,R12,R13,R14,R15
REGISTROS: [0, 1, 2, 3, 4, 5, 6, 7, 8, 9, 10, 11, 12, 13, 14, 15]

          0, 1, 2, 3, 4, 5, 6, 7, 8, 9, 10, 11, 12, 13, 14, 15, 16, 17, 18, 19, 20, 21, 22, 23, 24, 25, 26, 27, 28, 29, 30, 31
MEMORIA: [0, 1, 2, 3, 4, 5, 6, 7, 8, 9, 10, 11, 12, 13, 14, 15, 16, 17, 18, 19, 20, 21, 22, 23, 24, 25, 26, 27, 28, 29, 30, 31]
 ------------------------------------------------------------------------------------------------------------------------------------------------------

 CodigoEnsamblador1

            R0,R1,R2,R3,R4,R5,R6,R7,R8,R9,R10,R11,R12,R13,R14,R15
REGISTROS: [0, 11, 2, 3, 4, 5, 6, 7, 8, 9, 10, 11, 12, 13, 14, 15]

          0, 1, 2, 3, 4, 5, 6, 7, 8, 9, 10, 11, 12, 13, 14, 15, 16, 17, 18, 19, 20, 21, 22, 23, 24, 25, 26, 27, 28, 29, 30, 31
MEMORIA: [0, 1, 2, 3, 4, 5, 6, 11, 8, 9, 10, 11, 12, 13, 14, 15, 16, 17, 18, 19, 20, 21, 22, 23, 24, 25, 26, 27, 28, 29, 30, 31]
------------------------------------------------------------------------------------------------------------------------------------------------------

 CodigoEnsambaldor2

           R0,R1,R2,R3,R4,R5,R6,R7,R8,R9,R10,R11,R12,R13,R14,R15
REGISTROS: [0, 5, 2, 3, 11, 5, 6, 1, 8, 9, 10, 11, 12, 13, 14, 15]

          0, 1, 2, 3, 4, 5, 6, 7, 8, 9, 10, 11, 12, 13, 14, 15, 16, 17, 18, 19, 20, 21, 22, 23, 24, 25, 26, 27, 28, 29, 30, 31
MEMORIA: [0, 1, 2, 3, 4, 5, 6, 7, 8, 9, 10, 11, 12, 13, 14, 15, 16, 17, 18, 19, 20, 21, 22, 23, 24, 25, 26, 27, 28, 29, 30, 31]
------------------------------------------------------------------------------------------------------------------------------------------------------

 CodigoEnsamblador3

           R0,R1,R2,R3,R4,R5,R6,R7,R8,R9,R10,R11,R12,R13,R14,R15
REGISTROS: [0, 8, 2, 3, 11, 5, 6, 17, 8, 9, 10, 11, 12, 13, 14, 15]

          0, 1, 2, 3, 4, 5, 6, 7, 8, 9, 10, 11, 12, 13, 14, 15, 16, 17, 18, 19, 20, 21, 22, 23, 24, 25, 26, 27, 28, 29, 30, 31
MEMORIA: [0, 1, 2, 3, 4, 5, 6, 7, 8, 9, 10, 11, 12, 13, 14, 15, 16, 17, 18, 19, 20, 21, 22, 23, 24, 25, 26, 27, 28, 29, 30, 31]
------------------------------------------------------------------------------------------------------------------------------------------------------

 CodigoEnsamblador4

           R0,R1,R2,R3,R4,R5,R6,R7,R8,R9,R10,R11,R12,R13,R14,R15
REGISTROS: [0, 12, 2, 3, 11, 5, 6, 17, 8, 9, 10, 11, 12, 13, 14, 15]

          0, 1, 2, 3, 4, 5, 6, 7, 8, 9, 10, 11, 12, 13, 14, 15, 16, 17, 18, 19, 20, 21, 22, 23, 24, 25, 26, 27, 28, 29, 30, 31
MEMORIA: [0, 1, 2, 3, 4, 5, 6, 7, 8, 9, 10, 11, 12, 13, 14, 15, 16, 17, 18, 19, 20, 21, 22, 23, 24, 25, 26, 27, 28, 29, 30, 31]
------------------------------------------------------------------------------------------------------------------------------------------------------

 CodigoEnsamblador5

           R0,R1,R2,R3,R4,R5,R6,R7,R8,R9,R10,R11,R12,R13,R14,R15
REGISTROS: [0, 5, 2, 3, 4, 5, 6, 7, 8, 9, 10, 11, 12, 13, 14, 15]

          0, 1, 2, 3, 4, 5, 6, 7, 8, 9, 10, 11, 12, 13, 14, 15, 16, 17, 18, 19, 20, 21, 22, 23, 24, 25, 26, 27, 28, 29, 30, 31
MEMORIA: [0, 1, 2, 3, 4, 5, 6, 5, 8, 9, 10, 11, 12, 13, 14, 15, 16, 17, 18, 19, 20, 21, 22, 23, 24, 25, 26, 27, 28, 29, 30, 31]
------------------------------------------------------------------------------------------------------------------------------------------------------

 CodigoEnsamblador_deps

            R0,R1,R2,R3,R4,R5,R6,R7,R8,R9,R10,R11,R12,R13,R14,R15
REGISTROS: [0, 12, 2, 22, 4, 14, 12, 7, 8, 9, 10, 11, 12, 13, 14, 15]

          0, 1, 2, 3, 4, 5, 6, 7, 8, 9, 10, 11, 12, 13, 14, 15, 16, 17, 18, 19, 20, 21, 22, 23, 24, 25, 26, 27, 28, 29, 30, 31
MEMORIA: [0, 1, 2, 3, 4, 5, 6, 7, 8, 9, 10, 11, 22, 13, 14, 15, 16, 17, 18, 19, 20, 21, 22, 23, 24, 25, 26, 27, 28, 29, 30, 31]
------------------------------------------------------------------------------------------------------------------------------------------------------

 CodigoEnsamblador_dep1

            R0,R1,R2,R3,R4,R5,R6,R7,R8,R9,R10,R11,R12,R13,R14,R15
REGISTROS: [0, 5, 2, 3, 4, 7, 6, 7, 8, 9, 10, 11, 12, 13, 14, 15]

          0, 1, 2, 3, 4, 5, 6, 7, 8, 9, 10, 11, 12, 13, 14, 15, 16, 17, 18, 19, 20, 21, 22, 23, 24, 25, 26, 27, 28, 29, 30, 31
MEMORIA: [0, 1, 2, 3, 4, 5, 6, 7, 8, 9, 10, 11, 12, 13, 14, 15, 16, 17, 18, 19, 20, 21, 22, 23, 24, 25, 26, 27, 28, 29, 30, 31]
------------------------------------------------------------------------------------------------------------------------------------------------------

 CodigoEnsambador_dep2

            R0,R1,R2,R3,R4,R5,R6,R7,R8,R9,R10,R11,R12,R13,R14,R15
REGISTROS: [0, 5, 2, 3, 4, 7, 5, 7, 8, 9, 10, 11, 12, 13, 14, 15]

          0, 1, 2, 3, 4, 5, 6, 7, 8, 9, 10, 11, 12, 13, 14, 15, 16, 17, 18, 19, 20, 21, 22, 23, 24, 25, 26, 27, 28, 29, 30, 31
MEMORIA: [0, 1, 2, 3, 4, 5, 6, 7, 8, 9, 10, 11, 12, 13, 14, 15, 16, 17, 18, 19, 20, 21, 22, 23, 24, 25, 26, 27, 28, 29, 30, 31]
------------------------------------------------------------------------------------------------------------------------------------------------------

 CodigoEnsambaldor_dep3

            R0,R1,R2,R3,R4,R5,R6,R7,R8,R9,R10,R11,R12,R13,R14,R15
REGISTROS: [0, 5, 2, 8, 4, 5, 6, 7, 8, 9, 10, 11, 12, 13, 14, 15]

          0, 1, 2, 3, 4, 5, 6, 7, 8, 9, 10, 11, 12, 13, 14, 15, 16, 17, 18, 19, 20, 21, 22, 23, 24, 25, 26, 27, 28, 29, 30, 31
MEMORIA: [0, 1, 2, 3, 4, 5, 6, 7, 8, 9, 10, 11, 12, 13, 14, 15, 16, 17, 18, 19, 20, 21, 22, 23, 24, 25, 26, 27, 28, 29, 30, 31]
------------------------------------------------------------------------------------------------------------------------------------------------------

 CodigoEnsamblador_dep4

            R0,R1,R2,R3,R4,R5,R6,R7,R8,R9,R10,R11,R12,R13,R14,R15
REGISTROS: [0, 1, 2, 4, 4, 5, 6, 7, 8, 9, 10, 11, 12, 13, 14, 15]

          0, 1, 2, 3, 4, 5, 6, 7, 8, 9, 10, 11, 12, 13, 14, 15, 16, 17, 18, 19, 20, 21, 22, 23, 24, 25, 26, 27, 28, 29, 30, 31
MEMORIA: [0, 4, 2, 3, 4, 5, 6, 7, 8, 9, 10, 11, 12, 13, 14, 15, 16, 17, 18, 19, 20, 21, 22, 23, 24, 25, 26, 27, 28, 29, 30, 31]
------------------------------------------------------------------------------------------------------------------------------------------------------

 CodigoEnsambaldor_consalto

            R0,R1,R2,R3,R4,R5,R6,R7,R8,R9,R10,R11,R12,R13,R14,R15
REGISTROS: [0, 1, 2, 3, 4, 5, 0, 14, 16, 9, 10, 11, 12, 13, 14, 15]

          0, 1, 2, 3, 4, 5, 6, 7, 8, 9, 10, 11, 12, 13, 14, 15, 16, 17, 18, 19, 20, 21, 22, 23, 24, 25, 26, 27, 28, 29, 30, 31
MEMORIA: [0, 1, 2, 3, 4, 5, 6, 7, 8, 9, 10, 11, 12, 13, 14, 15, 16, 17, 18, 19, 20, 21, 22, 23, 24, 25, 26, 27, 28, 29, 30, 31]
------------------------------------------------------------------------------------------------------------------------------------------------------

 CodigoEnsambaldor_consalto2

            R0,R1,R2,R3,R4,R5,R6,R7,R8,R9,R10,R11,R12,R13,R14,R15
REGISTROS: [0, 1, 2, 3, 4, 5, 0, 112, 128, 9, 10, 11, 12, 13, 14, 15]

          0, 1, 2, 3, 4, 5, 6, 7, 8, 9, 10, 11, 12, 13, 14, 15, 16, 17, 18, 19, 20, 21, 22, 23, 24, 25, 26, 27, 28, 29, 30, 31
MEMORIA: [0, 1, 2, 3, 4, 5, 6, 7, 8, 9, 10, 11, 12, 13, 14, 15, 16, 17, 18, 19, 20, 21, 22, 23, 24, 25, 26, 27, 28, 29, 30, 31]
------------------------------------------------------------------------------------------------------------------------------------------------------

 CodigoEnsambaldor_consalto3

           R0,R1,R2,R3,R4,R5,R6,R7,R8,R9,R10,R11,R12,R13,R14,R15
REGISTROS: [0, 1, 2, 3, 4, 5, 3, 28, 16, 9, 10, 11, 12, 13, 14, 15]

          0, 1, 2, 3, 4, 5, 6, 7, 8, 9, 10, 11, 12, 13, 14, 15, 16, 17, 18, 19, 20, 21, 22, 23, 24, 25, 26, 27, 28, 29, 30, 31
MEMORIA: [0, 1, 2, 3, 4, 5, 6, 7, 8, 9, 10, 11, 12, 13, 14, 15, 16, 17, 18, 19, 20, 21, 22, 23, 24, 25, 26, 27, 28, 29, 30, 31]





